#$\tau$ in ms    $M$ in V    $M/2$ in V   x1 in ms    x2 in ms
#
0.1     1.075   537.5   0.164     0.250
1       1.075   537.5   1.963     2.050
2       1.075   537.5   3.960     4.050
3       1.075   537.5   5.960     6.050
4.2     1.025   500     8.162     8.251
5       975     487.5   9.962     10.053
6       973.5   468.75  11.962    12.044
7       850     425     13.695    14.051
8       750     375     15.690    16.046
9       638     319     17.960    18.051
10      555.5   277.75  19.963    20.043
11      437.25  218.625 21.965    22.047
12      346.5   173.25  23.962    24.049
13      250.25  125.125 25.965    26.043
14      178.75  89.375  27.971    28.045
15      142.8   71.4    29.766    29.848
16      96.525  48.2625 31.970    32.040
17      67.925  33.9625 33.970    34.041