# $SPEC_ID:
# No sample description was entered.
# $SPEC_REM:
# DET# 1
# DETDESC# MYON MCB 337
# AP# Maestro Version 6.06
# $DATE_MEA:
# 01/15/2018 15:44:27
# $MEAS_TIM:
# 147182 147183
# $DATA:
# 0 511
#
0
0
25
218
225
216
246
227
191
197
195
194
203
210
254
214
186
178
184
181
169
156
162
151
166
151
157
161
153
133
141
119
133
111
123
108
106
109
107
113
99
113
107
110
111
112
94
90
91
103
77
89
94
74
65
77
64
68
64
57
75
63
81
78
53
67
76
79
54
66
54
69
56
57
48
56
62
60
48
57
48
40
43
46
42
43
41
43
35
41
39
43
34
33
37
34
35
43
29
26
40
30
37
31
29
42
34
29
19
25
29
29
25
35
25
23
26
26
29
22
18
17
21
26
14
20
21
24
18
7
24
18
19
10
18
12
16
18
10
17
14
15
18
11
12
4
11
14
18
10
19
8
12
13
16
16
12
10
11
7
19
10
4
9
7
8
13
10
12
6
16
6
13
6
13
7
10
9
7
5
5
10
14
11
9
10
8
5
5
10
8
9
5
5
7
5
7
6
8
9
4
8
5
3
5
1
7
7
4
8
9
4
5
7
3
1
4
8
6
10
4
5
5
4
2
3
7
4
5
3
5
5
3
4
4
7
1
3
0
4
4
6
2
4
4
3
1
1
3
2
4
4
2
2
5
3
5
4
5
5
1
3
3
4
3
2
3
2
3
5
7
8
5
3
3
6
1
3
5
4
1
3
4
3
6
2
2
3
5
2
5
6
1
2
1
2
2
4
5
3
6
2
4
3
3
3
2
1
4
3
7
1
3
4
3
3
4
4
5
4
3
3
1
2
8
4
8
2
3
3
3
1
1
2
2
2
3
2
1
4
2
3
3
1
6
9
1
3
1
3
0
2
2
1
3
3
3
4
3
4
4
2
3
2
3
4
1
5
2
8
1
1
1
5
3
2
5
3
3
2
10
2
6
7
6
8
2
4
1
5
2
4
5
3
2
3
1
3
3
1
4
1
4
5
2
3
5
5
1
2
2
5
0
4
3
3
4
7
5
1
3
2
1
0
2
5
2
1
3
2
1
2
3
5
3
2
2
7
2
3
1
2
2
3
2
3
6
4
1
5
2
2
3
7
2
0
1
0
0
0
0
0
0
0
0
0
0
0
0
0
0
0
0
0
0
1
0
0
0
1
0
0
0
0
0
0
0
0
0
0
0
0
0
0
0
0
0
0
0
0
0
0
0
0
0
0
0
0
0
0
0
0
# $ROI:
# 1
# 434 454
# $PRESETS:
# None
# 0
# 0
# $ENER_FIT:
# -2.326062 0.088583
# $MCA_CAL:
# 3
# -2.326062E+000 8.858320E-002 -1.636990E-004 micr
# $SHAPE_CAL:
# 3
# 0.000000E+000 0.000000E+000 0.000000E+000